['E5', 'F5', 'G5', 'H5', 'I5', 'A']concat_1_2D3D  AUC of class 0:0.806030
FPR:[0.0, 0.0, 0.0, 0.0, 0.0, 0.0078125, 0.0234375, 0.03125, 0.0625, 0.078125, 0.1015625, 0.1171875, 0.140625, 0.171875, 0.1875, 0.1953125, 0.1953125, 0.21875, 0.25, 0.25, 0.25, 0.25, 0.265625, 0.3125, 0.3125, 0.3125, 0.3203125, 0.3203125, 0.3203125, 0.3203125, 0.3203125, 0.3203125, 0.3203125, 0.3203125, 0.3203125, 0.3203125, 0.3359375, 0.3515625, 0.3671875, 0.375, 0.390625, 0.4140625, 0.4453125, 0.4609375, 0.4921875, 0.5234375, 0.546875, 0.5625, 0.59375, 0.609375, 0.6171875, 0.6640625, 0.7109375, 0.7421875, 0.7578125, 0.796875, 0.8125, 0.84375, 0.8671875, 0.875, 0.8984375, 0.9140625, 0.9296875, 0.9765625, 0.9921875, 1.0]
TPR:[0.0, 0.125, 0.265625, 0.28125, 0.34375, 0.34375, 0.34375, 0.34375, 0.34375, 0.34375, 0.34375, 0.34375, 0.34375, 0.34375, 0.34375, 0.34375, 0.390625, 0.390625, 0.390625, 0.421875, 0.46875, 0.53125, 0.53125, 0.53125, 0.546875, 0.59375, 0.59375, 0.609375, 0.6875, 0.71875, 0.734375, 0.765625, 0.890625, 0.921875, 0.96875, 1.0, 1.0, 1.0, 1.0, 1.0, 1.0, 1.0, 1.0, 1.0, 1.0, 1.0, 1.0, 1.0, 1.0, 1.0, 1.0, 1.0, 1.0, 1.0, 1.0, 1.0, 1.0, 1.0, 1.0, 1.0, 1.0, 1.0, 1.0, 1.0, 1.0, 1.0]

['E5', 'F5', 'G5', 'H5', 'I5', 'A']concat_1_2D3D  AUC of class 1:0.720825
FPR:[0.0, 0.0546875, 0.1796875, 0.2265625, 0.234375, 0.234375, 0.28125, 0.3046875, 0.3046875, 0.3046875, 0.328125, 0.328125, 0.328125, 0.328125, 0.328125, 0.328125, 0.359375, 0.3671875, 0.4375, 0.4453125, 0.4765625, 0.515625, 0.53125, 0.5546875, 0.5625, 0.578125, 0.609375, 0.6328125, 0.6640625, 0.6875, 0.71875, 0.71875, 0.71875, 0.71875, 0.71875, 0.71875, 0.71875, 0.71875, 0.765625, 0.78125, 0.7890625, 0.8125, 0.828125, 0.875, 0.90625, 0.921875, 0.9375, 0.9765625, 0.984375, 1.0]
TPR:[0.0, 0.34375, 0.34375, 0.359375, 0.453125, 0.515625, 0.515625, 0.515625, 0.5625, 0.59375, 0.59375, 0.640625, 0.703125, 0.765625, 0.796875, 0.8125, 0.8125, 0.8125, 0.8125, 0.8125, 0.8125, 0.8125, 0.8125, 0.8125, 0.8125, 0.8125, 0.8125, 0.8125, 0.8125, 0.8125, 0.8125, 0.828125, 0.859375, 0.875, 0.9375, 0.953125, 0.984375, 1.0, 1.0, 1.0, 1.0, 1.0, 1.0, 1.0, 1.0, 1.0, 1.0, 1.0, 1.0, 1.0]

['E5', 'F5', 'G5', 'H5', 'I5', 'A']concat_1_2D3D  AUC of class 2:0.958984
FPR:[0.0, 0.0, 0.0078125, 0.046875, 0.0625, 0.0703125, 0.09375, 0.09375, 0.09375, 0.09375, 0.09375, 0.09375, 0.09375, 0.09375, 0.09375, 0.1171875, 0.1328125, 0.1484375, 0.1640625, 0.1796875, 0.1953125, 0.21875, 0.234375, 0.2421875, 0.2578125, 0.28125, 0.2890625, 0.3359375, 0.34375, 0.3671875, 0.3828125, 0.40625, 0.4140625, 0.4453125, 0.46875, 0.484375, 0.5078125, 0.515625, 0.5546875, 0.5625, 0.5859375, 0.6015625, 0.6484375, 0.65625, 0.6875, 0.703125, 0.7265625, 0.7421875, 0.7734375, 0.78125, 0.796875, 0.8125, 0.84375, 0.859375, 0.8984375, 0.9296875, 0.9375, 0.96875, 0.9765625, 0.9921875, 1.0]
TPR:[0.0, 0.5625, 0.5625, 0.5625, 0.5625, 0.5625, 0.5625, 0.625, 0.71875, 0.84375, 0.875, 0.890625, 0.921875, 0.984375, 1.0, 1.0, 1.0, 1.0, 1.0, 1.0, 1.0, 1.0, 1.0, 1.0, 1.0, 1.0, 1.0, 1.0, 1.0, 1.0, 1.0, 1.0, 1.0, 1.0, 1.0, 1.0, 1.0, 1.0, 1.0, 1.0, 1.0, 1.0, 1.0, 1.0, 1.0, 1.0, 1.0, 1.0, 1.0, 1.0, 1.0, 1.0, 1.0, 1.0, 1.0, 1.0, 1.0, 1.0, 1.0, 1.0, 1.0]

